2000
1229052352
37679571
1920357579
918099490
828124735
450904938
2036986350
445283976
2054758484
641313181
330208774
721120770
1626561369
150102473
1626462133
629726668
1016696660
93385441
1866044577
760024851
504938401
1791816310
893540289
378493752
497927450
2070363438
920770125
616330593
1354647070
2079163643
649443917
1692018965
784291181
327253781
448677300
1104296483
1357312407
1778326015
1795418806
1311148445
1142213248
821738603
493366764
580841481
1889595552
1444270628
848782755
1905379911
444020113
140365866
1192065456
1169176129
867830053
2058253994
1408291282
1734302987
634761778
1889928197
592584202
1681011875
471723193
1889563674
908497082
501727004
1504958106
768493176
1098155974
1232992700
1838598997
1191145896
746516738
1107349792
1134669242
731164934
787617604
399870320
1144136777
938235801
2104171133
43533535
1523682765
1941224527
1589060065
1225878363
379537623
862398171
958926394
1958616870
1844392874
1932072520
242617353
1745889865
2101892094
394430708
2062374714
1945755618
433695210
555896552
1399485014
1903728354
603589025
1955478394
635634270
1521515712
2026786755
819382571
1697726233
69580342
1205704026
611871890
1579153394
80699685
1257424538
147640039
1042523188
368144843
509989294
782829081
1523542845
1737072734
2088743020
588759631
1825956488
1309378186
1454241293
922024944
231237056
1603282769
1896179674
434459438
515374666
1100463111
1354338613
1189894138
1183056502
79541541
1119851153
791646163
1535868376
586358492
124718961
207538055
578647657
1525217583
1967106889
654737858
472972178
1406418099
316487364
2033616776
1794912227
1387009780
538384275
1275905114
1513035703
1237196194
1619762304
1842333956
1687576046
1274079193
889552514
2075436031
276494796
2040907911
1930450293
895135575
1420661790
1339517184
1194239987
1209296647
863510921
333562821
1258013877
1462726024
1790978159
1839121961
1390667256
1880041291
1927079526
77229428
914873608
297817136
1775707242
731373935
5330117
1536446892
1719542316
1660267333
1858040260
1522938793
174705358
662806457
790445810
688888328
1061787719
2024570310
74813455
1111804690
846212283
1653129947
11594343
1592594571
500778589
597332730
2032627032
192670348
1952682807
894843795
811682624
1133735824
75594137
1347825182
1240325318
523858197
1949247926
1146857297
1564858854
350534369
883496062
1216378676
1779571739
1257465604
837836301
464437528
1845959898
351757477
2112919395
1046684973
1595788634
496304255
559128837
2037407834
1086714623
64251026
1830203188
1816704735
433988099
1183514681
1337705053
802525328
1845884536
1232631990
71113321
1200678315
2044092993
1775032292
124907520
1229165521
1939710954
1920242418
1130072210
778259402
2030359184
731654658
428474284
854622797
1274718043
889286229
1894951330
1264518300
1260897388
533771520
1058743121
246135605
747609113
139543594
257041834
1512489921
654172708
1711914363
158796435
1716993471
1771502358
926848898
1850536995
2117099111
428211434
731870141
1902613418
1192212496
1492993762
1547226386
354387979
1226609922
1937431501
116697846
688128011
1168041782
1130212847
994461814
54483297
872739057
812021989
394992438
765952589
1348183205
815166938
1712542753
2130212577
1782902502
1403024523
1262714001
1000815153
1608353167
1215012980
301155537
2049638027
481138262
1214838479
1663284524
1028361869
729541227
1415261466
770584890
1893854820
15343906
186990502
980791553
79156899
1097624000
882040270
371202649
362927208
864027376
423687418
2006144521
1777706547
2121438365
343609414
459894315
650106652
2093187875
131509971
527409834
1512068869
20002685
1177677863
2022552689
524395660
244970332
490218625
1357160483
1372422994
191407731
59231711
1222438216
543045463
159596891
137871934
78739625
526950823
239921933
1541122512
845792717
1043935126
476266692
942740075
498092959
557105907
250278029
1649852577
763411575
1591033847
39494085
204639672
1257648457
1763563025
634465281
1201670412
1538398096
153689592
1785629050
2130960172
1462829785
1387405639
749135547
24516068
1872178299
770275449
988047227
1766185585
1762158261
646916850
21793189
1205907533
1884730392
1279905094
21222859
210305811
1999166162
456543772
172105273
2060334449
2014760115
551106909
356850052
1804481540
1157179846
1109764490
916309235
804080008
58103885
1594419457
1106866533
1602469817
1117797292
632142688
820555507
2083908762
943764011
527516135
1151186129
1305094280
321593502
1953132262
2006383039
1491511279
253454722
1353440653
1130265947
1886913514
1464414549
105246776
1503522751
266801808
192132120
1496619399
206281682
937623116
396708926
1697678994
1423118116
1820798973
526369461
1206389034
1387383111
370507451
1563636304
1277972989
1908072476
600803481
235996973
2146312849
1797234484
1762477533
1717954060
736252505
395077521
48458923
552816648
1175146014
271955839
916585257
1148214468
752511734
933516155
90492103
482353045
156859890
1381736361
2102344316
1552474921
519686197
549920630
1893895369
696850949
1745572752
1067141197
1806161882
1481400429
2119090532
1685769476
975828261
412970488
127844712
1202427584
1379286018
1721618808
52646378
64412482
248826886
882812293
461691328
787733085
193275840
1391768616
1063245988
763893629
1102980837
720086555
1424379040
1538312171
857031764
960037119
1299219122
362060758
1333987755
602923605
1509182689
904099306
1750233417
2089526560
872814529
2080479893
1296821197
862324576
1869498876
834369675
182912815
1166582848
232229226
1098814783
1568177328
289552065
303612353
391671599
787186338
1741517246
1625728559
1185450332
1657936705
1341881110
122554976
344664159
1007124354
272912024
1954801023
2135961755
1772573033
1741814447
178334825
1533716210
922126529
1938576151
27477573
106585306
377876344
858569429
1033769010
1413046840
56587707
1881819575
1749927656
1245568727
603003733
708410338
603211798
2057875146
1483443887
2103750786
1568696094
418517639
1017014748
1144523163
989774362
729372472
726479828
1501936001
1515581969
1082615916
2044242828
2145825490
48642712
1494274724
1601518250
157196252
592521554
628086939
1375058768
1541188409
1953323596
927166283
742375749
229224373
2135857940
27754328
463039297
1968211598
2041712845
426590502
1406153428
163129161
1522675355
42070186
551496239
457868421
960644546
770826476
1659223428
1492998101
1620151959
1948814600
306398156
2115506033
1570636899
825372569
1439891210
258348427
1997562002
1412714063
906055609
270079586
1594655791
783964777
1283832694
1607886649
1964179542
846940710
1010900654
1464160361
128076354
800667384
684190786
1567094264
1413848240
640815625
557719670
1975858182
1708831313
2029066260
476317460
1795997851
305739525
1783313051
1860670625
634326761
1021048419
218954956
1336458181
1321184094
160157878
976445855
55454611
17744279
1875353867
454955650
1397826230
1941833077
1079541680
1915165904
1708447292
2017276254
2037665789
1127197014
1846964111
49696192
2020243908
375419039
360833587
36277581
1979431766
1640515485
601212562
668970399
1308603948
1326525109
1879767456
1619701975
828384453
521018070
1459873671
1096121522
1399696288
1159643178
1708796121
1437594316
309156615
1232286212
702073416
1472746094
547086536
1505917745
1864760320
650353922
1954087471
880711526
1661322358
262492612
781918946
1259289429
1426092018
263562359
1581287599
1590544768
409477920
1557796452
1911828187
1446012495
59570366
471761860
391956296
1277121523
482385296
698902447
1865361286
13371249
1392282655
1112764873
1951622435
253040767
838549909
1720628949
595955341
357686579
831605300
966702424
1653850613
1386409570
1188073040
640633474
1791275107
387476056
1139655488
783139223
293648498
432885080
1972427171
2025887905
744796150
106714687
404899164
1912055652
974049456
581365911
2113755974
74682697
1061638631
1666331941
706691860
1785523110
350426592
1219571670
1757130722
2048414757
1396475842
720698431
970760737
1142440500
346195673
977476388
195753566
85236558
199237757
661976226
1869138922
1227073738
1142852425
826968207
340491665
1746978047
1063614145
509057387
152653661
1554605909
1975463161
1512164307
1624029151
540787487
864499905
1923031380
759516310
547824402
1022329725
279028428
1673987995
532972618
516499089
671287649
1599919052
1196762877
661835937
1658785346
572604868
895794269
1753913613
1665554969
533025338
1402564129
2114806631
553205720
1271828177
1711432248
645824218
985279988
354356299
694164162
1685900230
1025927092
610433481
1026133448
1931175126
192501924
1269464286
636221857
659672186
1799844288
528296774
1386483920
290189843
285328964
192914197
1756085656
1663859671
2104922910
1941231339
1703549349
1301926839
773503790
1559683239
1410802591
992200410
701771915
700386081
1030994160
2020783124
848087763
962067602
1065808551
883217030
821655146
1238188612
1119462454
701233011
232961141
515208306
451934238
9078627
113145052
1105861369
1888547645
1011966855
56447745
1676961888
1123068388
1176623633
1483978255
347455527
677006096
1073093666
917576956
635830385
522653223
1024602731
1974218271
2064134547
1458497791
1594026479
944536228
621265372
541615490
1895844444
1242699769
1776550508
2019243715
745044464
2132644438
1853001036
580563258
1508468885
1792097360
1322180345
1871762906
231216239
1253411450
1419146727
1645657107
1117107636
1925996178
1196752415
486001103
1340228580
265770677
41782579
12652684
52778935
144814334
795539487
398971787
1074878175
845048661
1423487816
1591895932
1643654798
1824038625
1288109450
472880743
2017153701
2125401165
374395957
345763589
157891541
1540825542
149585221
1522942357
234605506
234763450
741844611
2039806242
594568586
672815411
1507211222
2129391789
872820468
32813019
1732596701
2021984034
1704429310
1059045837
1038916123
2021229151
1902012611
1831867482
1871206582
1618497006
2051306940
613271642
1482465141
686352293
1388320414
1091373443
1055627474
1568547651
71119785
1309318763
455518932
127488569
1659183124
815608773
548529010
2127258146
1519904566
718059697
1718714986
640233905
1518169865
1627711048
145404603
2126255982
1856403394
1929419342
747811294
1390116014
1205251585
1597630591
1389304496
450970441
990411624
702416671
799381938
554536334
13137558
1759605312
689175947
1600832958
1524395490
1035091720
21513693
803385555
1271334196
1999028169
284779068
1688230360
1533716356
924580351
230289565
711187061
26955025
2061539305
789938437
751404905
1658393975
437283412
733265450
1731251664
890783645
1292218278
810476235
185308724
632436118
1457266223
222415926
1522922502
2048386168
915980519
1721801137
969566234
393781402
1886907007
1355051400
284803365
2096590039
1477105497
801128759
1996069470
2097532503
137228769
6483705
1597447585
461006301
11902531
329859346
1290735315
1656120858
887711639
1200620964
1080194736
6176214
724413642
1135286251
363816962
785737325
1010275872
1700867522
1325617037
1650186881
2087091609
750782365
1932782430
1436656488
1726950595
1617160960
1071218288
1610353615
476804164
1386097391
236247881
2068356311
1546724988
517326381
1690682411
1943148220
1708313611
1917983334
1816353068
965971771
111183877
356647849
553539366
436965558
1833544213
2134737088
516947587
1766742594
386390289
71038695
2093922780
1745640071
51087983
1789755128
610992767
1836118662
306344844
1219491249
405494975
1188432894
246248711
501098008
1670840569
1321275011
1688199897
1021724715
848043593
219702412
1014049291
696211245
1731485859
531931716
201928351
785632997
1404318823
1541177631
1772177750
1540744007
926710123
1665629217
1780911474
152071632
362379094
241809966
1061038438
168822778
578532159
1731526344
1212363111
861963841
101593025
224471810
1716426538
832994015
684515312
578951805
194582078
1870874212
327321710
1590360003
1599099859
313488008
1015564365
390256199
620878655
484513812
2113132507
333491063
51977171
1701952315
230380165
86417614
721893126
1722646779
149885799
132305862
1019047989
957466298
1041103515
130020849
1269540144
1911167263
1075281062
1173919529
1133258914
650102355
2020968196
1811109220
879447962
1899438680
1521482105
1461953906
1698892815
348971193
381000794
1831593051
1553812059
1518128093
925649044
1011943640
1813756887
281630644
312275720
2115476419
1072914401
52153748
374714660
1407237616
1205207701
860072203
521087864
485417782
126287121
793799411
1218285513
1615526493
1518018830
1236749450
553786837
301243361
1378212348
856316294
1820034711
566319909
491187059
453761545
655856318
2091060222
879267999
1022284186
1661138102
1460669314
1583591541
1658192316
1342967893
1208247681
413408535
1047649700
630086147
616009272
249172317
246020169
954959908
1865879725
136840934
2078075448
1687503375
52697696
926914108
799037818
1213362435
477733133
1966893845
1369074644
1897747750
1019309006
1049411723
179635650
1921845515
156036078
420829959
1225471342
2128670264
1631051675
456747770
1453216012
869996353
1960036095
2074987332
1325145291
164002800
1173540499
1205352645
1148662364
1837848865
1468579254
1381967007
1683844344
832389442
1260875136
159782156
1104137142
826751867
999432579
1993752066
1803629121
1862959242
444407034
200896172
617669720
239034442
1657446804
1698049591
1209290954
767828670
667221867
1985797682
1258283347
1696741020
690974627
1766476660
211804845
1423626836
1780921425
319318089
217487970
303144596
1120014288
1385972461
284033018
2034269892
2034414604
171621894
378634537
716617298
1098635110
695896864
742651686
571930238
294706094
1028031876
1625799817
235599891
1915006616
1178777523
1177185486
189623391
134600389
928457632
971241922
639782207
368932520
863574751
1406353631
1380457335
2080590804
1013418727
835740332
1744708544
1574782870
1787230462
1128604245
1875975411
163827423
373462907
1843861415
1589775695
368569891
1211320089
511762263
516348006
279519315
1334391216
941441691
150989541
1503028480
549523699
1665126993
1929967294
1367305970
88931243
18782789
2238614
1117163499
717401972
1401749146
1302289232
421792000
214625253
1581583858
127318840
954031468
1293974174
257049249
1637113826
1411588218
1311331517
2071620705
576820124
874641510
574294855
1382118367
2080268217
2034149959
18700673
769598649
350487862
101852913
297442132
1915465955
308953508
2113634157
174788025
2052190726
434677415
2031430458
1556687600
455221799
1576025179
1191881355
222474269
356009656
564847850
1520095210
1774729758
1482669523
1973916920
1294295584
1364019825
693267050
1640524375
750626792
1465550666
2020096019
37332263
378119317
647249346
1315086167
751513845
1341864908
1997731609
2115815265
325448182
166745965
33274420
897428720
1306844159
1814522444
263445261
1760705160
1994452107
684316326
1529561397
1959144789
2127192919
423634377
1114684434
2001429457
1988520838
1929209652
1518518758
1049104758
1462925836
854251149
1470881048
1413513119
1450887919
396442948
1522354042
1084213536
978154757
859683114
424119982
686313081
729284330
1392560881
1493941961
303737803
352626102
1679514241
1070792319
893543573
433687940
433709662
798791316
1365370615
1921158110
1487722125
993652854
1490678106
1282701640
1925614894
1230963168
2087993025
868495548
358326577
850633451
797772878
1428352325
1745320109
1115937590
1588385879
632252496
518614916
1872253686
2037304758
1501799938
1376254775
167641588
53624652
1473878071
244871152
970784012
1533623425
1510172681
363025674
371461791
423359508
789928445
583469361
959218125
419288846
1093788915
850276085
1233973457
1142312720
346080860
1195297944
1810510770
1558717047
204399176
1510599479
1093768719
510841913
80411085
701891632
564986053
1695389384
1596348492
1315903073
1596351105
1359819764
969802174
64257688
1942171422
323655154
96095427
168139045
1971933510
171378419
581517506
366645845
1086133672
1037625804
1809674188
383185255
2038607079
1915072515
138858369
1625367141
1553548947
1390972003
559473179
1382312887
1054598563
1455509650
764464573
2108902057
99278264
2122472976
552447315
1410217224
1891355476
958542238
1944557919
1778804587
1248843822
1960434223
176390040
1059969420
1529190075
13303229
249070515
682517602
1363178187
1580242713
1209014942
423862280
650082861
1693332538
1386676122
1373045210
2059057455
2027158427
623622934
1510454378
802539859
2090107053
2039225792
1576363671
438465458
1272559749
1122060970
1424818483
334096084
1630630530
1968498343
418585119
3667461
1509474911
1520507166
108539662
1012482931
140202489
593671864
633994286
1875592035
162877932
1595236846
1959821574
617016532
2145805608
1861969585
991111011
1719595745
410764889
1713047965
2031376073
642638905
1136815572
297311245
1863131793
1196988044
151250412
1592520083
1396342420
625758524
896093509
340789352
307752515
1255897629
254684240
543113209
1298203913
479312271
590178800
2055609754
2063706189
701535826
1027405552
1836590584
1795486957
309078655
2069496139
1376461361
1492248843
1912274635
359529443
1739849490
1513040878
1324172419
992812272
247918314
644828218
1425377164
1133913063
906966363
544736535
664156584
2007193829
86073280
1377122529
1867081184
1002409524
487659153
1289787519
758899015
910365572
1840667376
1594653397
743728819
1495435393
1781529310
1946106696
2039295862
606546514
122388489
1841484444
294729744
1425517426
1343812850
377054451
2077399307
1061019823
2003444120
1489223527
457912504
1701547527
2017042837
262109917
792415022
1573179707
612673685
22536430
812657138
332523446
969107428
1272563548
1185910763
806465934
1503656521
367590551
1931421885
44813143
1555217951
1524634820
762543736
2037649303
850116812
704555793
244383393
1362953087
2091954307
873769065
943497269
339350635
1897039660
2003342258
1924712540
1097485019
693670250
1974655834
828321300
1607089246
1447129203
1648212546
1116697969
1483173850
1860206221
1419023321
1719056112
2078571293
1431235702
814113467
1186724832
1603621735
1150730295
86343183
1618414956
672292590
1310093263
587638550
163817297
203275225
1947707845
1032519694
1890629298
1638570474
123667390
1861137081
2031601812
141666984
1585119212
1563955049
192669263
1934447212
1499360151
1172943959
1916723100
2110436700
122219401
1147106075
1451103406
1870649310
842361090
1350638606
1280902252
1748071836
119573045
1766957370
1848646874
414606522
1854864386
1833115650
1374329688
24959084
728013623
1510624802
1519372380
363544183
496107966
1555066908
1133538766
1058607625
116337980
1082311090
1215999540
1849883928
1878420277
452500992
944578517
1332016595
1833375837
1452325303
932235719
45040721
1085154103
1753878797
1080402457
1349859414
1069924190
1335284999
930867043
664023306
1914674130
2033136262
161364370
1926604076
676275866
1685019938
1263244977
1334994197
338325123
1841128652
757384541
1226404818
637732220
274539363
1388200185
1218168287
1792792758
124832649
2118292271
1154298731
2078988566
2001892072
1173756555
541638543
135812568
1974197262
1711036284
433308211
494055300
1415647798
821215873
297778242
1122015784
665377381
1050292538
2098591473
755468383
1233792017
240334287
2029105249
1131605583
779855649
941195102
301535512
1993426911
633716330
1498952837
769668502
1524507233
765672674
938619094
2103725643
1146117693
2019236308
620555015
1487547273
202398937
104837311
1064095437
8197443
335471093
1118086676
1200852282
672989068
130897127
964758961
1202322677
1763597716
1217516918
1582652210
903241728
221821853
128272179
1944414512
1516046785
304843840
1761920785
950625012
2023726651
927822171
1028467130
351179207
983870093
280571151
1832729692
1329984523
2040080085
902080593
33978731
1997365462
256949930
2115343040
978697195
1386503992
627539947
771698812
1288189051
1810734750
1028181613
1994945929
394048092
2074198543
952870450
1108097471
816008313
821146849
1285175521
554459921
876347914
1336539472
539958284
1960470613
787996770
330062341
407504986
610949419
1107568826
521006386
1263500683
1337677645
341879072
1442807379
2025760576
752261294
1019338369
1542915664
918527323
1576263025
894391783
1804651528
1866684515
778044582
567363091
844077757
137889817
379299206
1150290946
1292139128
1627685832
1869082938
286150650
1118088917
1238516769
192346212
799896349
610307423
1054960289
1092587591
2134460087
156359074
1554456437
1610770904
1047729446
1970377169
1931242643
1327260143
1348582012
1075465246
2122016370
1468204861
1531994797
2055109296
94959524
404370147
1610801521
1562309365
450945686
574354339
234382308
778441958
803610582
758395691
1040933692
1570772982
965035903
1561919577
342229711
893546111
476344106
96353526
211041644
1481409511
124248059
883022729
1851005533
1401882689
1399262786
316226005
1935923357
539125402
847124721
1956089884
175528465
1611863924
90763763
753175371
1349844979
827315145
1876511337
581201117
1491546863
851515010
581749462
2117646690
1041437099
1441599843
1058055847
1580023369
1817467628
371028868
1737157235
1361467680
749038975
548914111
9716065
89147283
1502283422
912235775
1060914492
233146003
1474700293
1179054424
1536093299
71672059
2001453293
241648843
500527824
677692669
1874907842
1548548063
1092976848
86767898
166665373
826248323
1126303159
1856328655
673280969
741909940
990307098
1093131836
544167567
1838929643
305862277
1698922268
843987764
772861113
1495629135
742783810
645054659
936203757
163862330
960144856
962471234
1407200634
583651227
1868356340
959119946
916678040
560134702
1763111713
1639199085
2098797879
2077050378
1639021061
1254232158
180400554
1892685161
1831721563
1566229596
1913758693
1679772132
