2000
9052352
79571
0357579
099490
124735
904938
6986350
283976
4758484
313181
208774
120770
6561369
102473
6462133
726668
6696660
85441
6044577
024851
938401
1816310
540289
493752
927450
0363438
770125
330593
4647070
9163643
443917
2018965
291181
253781
677300
4296483
7312407
8326015
5418806
1148445
2213248
738603
366764
841481
9595552
4270628
782755
5379911
020113
365866
2065456
9176129
830053
8253994
8291282
4302987
761778
9928197
584202
1011875
723193
9563674
497082
727004
4958106
493176
8155974
2992700
8598997
1145896
516738
7349792
4669242
164934
617604
870320
4136777
235801
4171133
33535
3682765
1224527
9060065
5878363
537623
398171
926394
8616870
4392874
2072520
617353
5889865
1892094
430708
2374714
5755618
695210
896552
9485014
3728354
589025
5478394
634270
1515712
6786755
382571
7726233
80342
5704026
871890
9153394
99685
7424538
640039
2523188
144843
989294
829081
3542845
7072734
8743020
759631
5956488
9378186
4241293
024944
237056
3282769
6179674
459438
374666
0463111
4338613
9894138
3056502
41541
9851153
646163
5868376
358492
718961
538055
647657
5217583
7106889
737858
972178
6418099
487364
3616776
4912227
7009780
384275
5905114
3035703
7196194
9762304
2333956
7576046
4079193
552514
5436031
494796
0907911
0450293
135575
0661790
9517184
4239987
9296647
510921
562821
8013877
2726024
0978159
9121961
0667256
0041291
7079526
29428
873608
817136
5707242
373935
0117
6446892
9542316
0267333
8040260
2938793
705358
806457
445810
888328
1787719
4570310
13455
1804690
212283
3129947
94343
2594571
778589
332730
2627032
670348
2682807
843795
682624
3735824
94137
7825182
0325318
858197
9247926
6857297
4858854
534369
496062
6378676
9571739
7465604
836301
437528
5959898
757477
2919395
6684973
5788634
304255
128837
7407834
6714623
51026
0203188
6704735
988099
3514681
7705053
525328
5884536
2631990
13321
0678315
4092993
5032292
907520
9165521
9710954
0242418
0072210
259402
0359184
654658
474284
622797
4718043
286229
4951330
4518300
0897388
771520
8743121
135605
609113
543594
041834
2489921
172708
1914363
796435
6993471
1502358
848898
0536995
7099111
211434
870141
2613418
2212496
2993762
7226386
387979
6609922
7431501
697846
128011
8041782
0212847
461814
83297
739057
021989
992438
952589
8183205
166938
2542753
0212577
2902502
3024523
2714001
0815153
8353167
5012980
155537
9638027
138262
4838479
3284524
8361869
541227
5261466
584890
3854820
43906
990502
791553
56899
7624000
040270
202649
927208
027376
687418
6144521
7706547
1438365
609414
894315
106652
3187875
509971
409834
2068869
02685
7677863
2552689
395660
970332
218625
7160483
2422994
407731
31711
2438216
045463
596891
871934
39625
950823
921933
1122512
792717
3935126
266692
740075
092959
105907
278029
9852577
411575
1033847
94085
639672
7648457
3563025
465281
1670412
8398096
689592
5629050
0960172
2829785
7405639
135547
16068
2178299
275449
047227
6185585
2158261
916850
93189
5907533
4730392
9905094
22859
305811
9166162
543772
105273
0334449
4760115
106909
850052
4481540
7179846
9764490
309235
080008
03885
4419457
6866533
2469817
7797292
142688
555507
3908762
764011
516135
1186129
5094280
593502
3132262
6383039
1511279
454722
3440653
0265947
6913514
4414549
246776
3522751
801808
132120
6619399
281682
623116
708926
7678994
3118116
0798973
369461
6389034
7383111
507451
3636304
7972989
8072476
803481
996973
6312849
7234484
2477533
7954060
252505
077521
58923
816648
5146014
955839
585257
8214468
511734
516155
92103
353045
859890
1736361
2344316
2474921
686197
920630
3895369
850949
5572752
7141197
6161882
1400429
9090532
5769476
828261
970488
844712
2427584
9286018
1618808
46378
12482
826886
812293
691328
733085
275840
1768616
3245988
893629
2980837
086555
4379040
8312171
031764
037119
9219122
060758
3987755
923605
9182689
099306
0233417
9526560
814529
0479893
6821197
324576
9498876
369675
912815
6582848
229226
8814783
8177328
552065
612353
671599
186338
1517246
5728559
5450332
7936705
1881110
554976
664159
7124354
912024
4801023
5961755
2573033
1814447
334825
3716210
126529
8576151
77573
585306
876344
569429
3769010
3046840
87707
1819575
9927656
5568727
003733
410338
211798
7875146
3443887
3750786
8696094
517639
7014748
4523163
774362
372472
479828
1936001
5581969
2615916
4242828
5825490
42712
4274724
1518250
196252
521554
086939
5058768
1188409
3323596
166283
375749
224373
5857940
54328
039297
8211598
1712845
590502
6153428
129161
2675355
70186
496239
868421
644546
826476
9223428
2998101
0151959
8814600
398156
5506033
0636899
372569
9891210
348427
7562002
2714063
055609
079586
4655791
964777
3832694
7886649
4179542
940710
0900654
4160361
076354
667384
190786
7094264
3848240
815625
719670
5858182
8831313
9066260
317460
5997851
739525
3313051
0670625
326761
1048419
954956
6458181
1184094
157878
445855
54611
44279
5353867
955650
7826230
1833077
9541680
5165904
8447292
7276254
7665789
7197014
6964111
96192
0243908
419039
833587
77581
9431766
0515485
212562
970399
8603948
6525109
9767456
9701975
384453
018070
9873671
6121522
9696288
9643178
8796121
7594316
156615
2286212
073416
2746094
086536
5917745
4760320
353922
4087471
711526
1322358
492612
918946
9289429
6092018
562359
1287599
0544768
477920
7796452
1828187
6012495
70366
761860
956296
7121523
385296
902447
5361286
71249
2282655
2764873
1622435
040767
549909
0628949
955341
686579
605300
702424
3850613
6409570
8073040
633474
1275107
476056
9655488
139223
648498
885080
2427171
5887905
796150
714687
899164
2055652
049456
365911
3755974
82697
1638631
6331941
691860
5523110
426592
9571670
7130722
8414757
6475842
698431
760737
2440500
195673
476388
753566
36558
237757
976226
9138922
7073738
2852425
968207
491665
6978047
3614145
057387
653661
4605909
5463161
2164307
4029151
787487
499905
3031380
516310
824402
2329725
028428
3987995
972618
499089
287649
9919052
6762877
835937
8785346
604868
794269
3913613
5554969
025338
2564129
4806631
205720
1828177
1432248
824218
279988
356299
164162
5900230
5927092
433481
6133448
1175126
501924
9464286
221857
672186
9844288
296774
6483920
189843
328964
914197
6085656
3859671
4922910
1231339
3549349
1926839
503790
9683239
0802591
200410
771915
386081
0994160
0783124
087763
067602
5808551
217030
655146
8188612
9462454
233011
961141
208306
934238
8627
145052
5861369
8547645
1966855
47745
6961888
3068388
6623633
3978255
455527
006096
3093666
576956
830385
653223
4602731
4218271
4134547
8497791
4026479
536228
265372
615490
5844444
2699769
6550508
9243715
044464
2644438
3001036
563258
8468885
2097360
2180345
1762906
216239
3411450
9146727
5657107
7107636
5996178
6752415
001103
0228580
770677
82579
52684
78935
814334
539487
971787
4878175
048661
3487816
1895932
3654798
4038625
8109450
880743
7153701
5401165
395957
763589
891541
0825542
585221
2942357
605506
763450
844611
9806242
568586
815411
7211222
9391789
820468
13019
2596701
1984034
4429310
9045837
8916123
1229151
2012611
1867482
1206582
8497006
1306940
271642
2465141
352293
8320414
1373443
5627474
8547651
19785
9318763
518932
488569
9183124
608773
529010
7258146
9904566
059697
8714986
233905
8169865
7711048
404603
6255982
6403394
9419342
811294
0116014
5251585
7630591
9304496
970441
411624
416671
381938
536334
37558
9605312
175947
0832958
4395490
5091720
13693
385555
1334196
9028169
779068
8230360
3716356
580351
289565
187061
55025
1539305
938437
404905
8393975
283412
265450
1251664
783645
2218278
476235
308724
436118
7266223
415926
2922502
8386168
980519
1801137
566234
781402
6907007
5051400
803365
6590039
7105497
128759
6069470
7532503
228769
3705
7447585
006301
02531
859346
0735315
6120858
711639
0620964
0194736
6214
413642
5286251
816962
737325
0275872
0867522
5617037
0186881
7091609
782365
2782430
6656488
6950595
7160960
1218288
0353615
804164
6097391
247881
8356311
6724988
326381
0682411
3148220
8313611
7983334
6353068
971771
183877
647849
539366
965558
3544213
4737088
947587
6742594
390289
38695
3922780
5640071
87983
9755128
992767
6118662
344844
9491249
494975
8432894
248711
098008
0840569
1275011
8199897
1724715
043593
702412
4049291
211245
1485859
931716
928351
632997
4318823
1177631
2177750
0744007
710123
5629217
0911474
071632
379094
809966
1038438
822778
532159
1526344
2363111
963841
593025
471810
6426538
994015
515312
951805
582078
0874212
321710
0360003
9099859
488008
5564365
256199
878655
513812
3132507
491063
77171
1952315
380165
17614
893126
2646779
885799
305862
9047989
466298
1103515
020849
9540144
1167263
5281062
3919529
3258914
102355
0968196
1109220
447962
9438680
1482105
1953906
8892815
971193
000794
1593051
3812059
8128093
649044
1943640
3756887
630644
275720
5476419
2914401
53748
714660
7237616
5207701
072203
087864
417782
287121
799411
8285513
5526493
8018830
6749450
786837
243361
8212348
316294
0034711
319909
187059
761545
856318
1060222
267999
2284186
1138102
0669314
3591541
8192316
2967893
8247681
408535
7649700
086147
009272
172317
020169
959908
5879725
840934
8075448
7503375
97696
914108
037818
3362435
733133
6893845
9074644
7747750
9309006
9411723
635650
1845515
036078
829959
5471342
8670264
1051675
747770
3216012
996353
0036095
4987332
5145291
002800
3540499
5352645
8662364
7848865
8579254
1967007
3844344
389442
0875136
782156
4137142
751867
432579
3752066
3629121
2959242
407034
896172
669720
034442
7446804
8049591
9290954
828670
221867
5797682
8283347
6741020
974627
6476660
804845
3626836
0921425
318089
487970
144596
0014288
5972461
033018
4269892
4414604
621894
634537
617298
8635110
896864
651686
930238
706094
8031876
5799817
599891
5006616
8777523
7185486
623391
600389
457632
241922
782207
932520
574751
6353631
0457335
0590804
3418727
740332
4708544
4782870
7230462
8604245
5975411
827423
462907
3861415
9775695
569891
1320089
762263
348006
519315
4391216
441691
989541
3028480
523699
5126993
9967294
7305970
31243
82789
8614
7163499
401972
1749146
2289232
792000
625253
1583858
318840
031468
3974174
049249
7113826
1588218
1331517
1620705
820124
641510
294855
2118367
0268217
4149959
00673
598649
487862
852913
442132
5465955
953508
3634157
788025
2190726
677415
1430458
6687600
221799
6025179
1881355
474269
009656
847850
0095210
4729758
2669523
3916920
4295584
4019825
267050
0524375
626792
5550666
0096019
32263
119317
249346
5086167
513845
1864908
7731609
5815265
448182
745965
74420
428720
6844159
4522444
445261
0705160
4452107
316326
9561397
9144789
7192919
634377
4684434
1429457
8520838
9209652
8518758
9104758
2925836
251149
0881048
3513119
0887919
442948
2354042
4213536
154757
683114
119982
313081
284330
2560881
3941961
737803
626102
9514241
0792319
543573
687940
709662
791316
5370615
1158110
7722125
652854
0678106
2701640
5614894
0963168
7993025
495548
326577
633451
772878
8352325
5320109
5937590
8385879
252496
614916
2253686
7304758
1799938
6254775
641588
24652
3878071
871152
784012
3623425
0172681
025674
461791
359508
928445
469361
218125
288846
3788915
276085
3973457
2312720
080860
5297944
0510770
8717047
399176
0599479
3768719
841913
11085
891632
986053
5389384
6348492
5903073
6351105
9819764
802174
57688
2171422
655154
95427
139045
1933510
378419
517506
645845
6133672
7625804
9674188
185255
8607079
5072515
858369
5367141
3548947
0972003
473179
2312887
4598563
5509650
464573
8902057
78264
2472976
447315
0217224
1355476
542238
4557919
8804587
8843822
0434223
390040
9969420
9190075
03229
070515
517602
3178187
0242713
9014942
862280
082861
3332538
6676122
3045210
9057455
7158427
622934
0454378
539859
0107053
9225792
6363671
465458
2559749
2060970
4818483
096084
0630530
8498343
585119
7461
9474911
0507166
539662
2482931
202489
671864
994286
5592035
877932
5236846
9821574
016532
5805608
1969585
111011
9595745
764889
3047965
1376073
638905
6815572
311245
3131793
6988044
250412
2520083
6342420
758524
093509
789352
752515
5897629
684240
113209
8203913
312271
178800
5609754
3706189
535826
7405552
6590584
5486957
078655
9496139
6461361
2248843
2274635
529443
9849490
3040878
4172419
812272
918314
828218
5377164
3913063
966363
736535
156584
7193829
73280
7122529
7081184
2409524
659153
9787519
899015
365572
0667376
4653397
728819
5435393
1529310
6106696
9295862
546514
388489
1484444
729744
5517426
3812850
054451
7399307
1019823
3444120
9223527
912504
1547527
7042837
109917
415022
3179707
673685
36430
657138
523446
107428
2563548
5910763
465934
3656521
590551
1421885
13143
5217951
4634820
543736
7649303
116812
555793
383393
2953087
1954307
769065
497269
350635
7039660
3342258
4712540
7485019
670250
4655834
321300
7089246
7129203
8212546
6697969
3173850
0206221
9023321
9056112
8571293
1235702
113467
6724832
3621735
0730295
43183
8414956
292590
0093263
638550
817297
275225
7707845
2519694
0629298
8570474
667390
1137081
1601812
666984
5119212
3955049
669263
4447212
9360151
2943959
6723100
0436700
219401
7106075
1103406
0649310
361090
0638606
0902252
8071836
573045
6957370
8646874
606522
4864386
3115650
4329688
59084
013623
0624802
9372380
544183
107966
5066908
3538766
8607625
337980
2311090
5999540
9883928
8420277
500992
578517
2016595
3375837
2325303
235719
40721
5154103
3878797
0402457
9859414
9924190
5284999
867043
023306
4674130
3136262
364370
6604076
275866
5019938
3244977
4994197
325123
1128652
384541
6404818
732220
539363
8200185
8168287
2792758
832649
8292271
4298731
8988566
1892072
3756555
638543
812568
4197262
1036284
308211
055300
5647798
215873
778242
2015784
377381
0292538
8591473
468383
3792017
334287
9105249
1605583
855649
195102
535512
3426911
716330
8952837
668502
4507233
672674
619094
3725643
6117693
9236308
555015
7547273
398937
837311
4095437
7443
471093
8086676
0852282
989068
897127
758961
2322677
3597716
7516918
2652210
241728
821853
272179
4414512
6046785
843840
1920785
625012
3726651
822171
8467130
179207
870093
571151
2729692
9984523
0080085
080593
78731
7365462
949930
5343040
697195
6503992
539947
698812
8189051
0734750
8181613
4945929
048092
4198543
870450
8097471
008313
146849
5175521
459921
347914
6539472
958284
0470613
996770
062341
504986
949419
7568826
006386
3500683
7677645
879072
2807379
5760576
261294
9338369
2915664
527323
6263025
391783
4651528
6684515
044582
363091
077757
889817
299206
0290946
2139128
7685832
9082938
150650
8088917
8516769
346212
896349
307423
4960289
2587591
4460087
359074
4456437
0770904
7729446
0377169
1242643
7260143
8582012
5465246
2016370
8204861
1994797
5109296
59524
370147
0801521
2309365
945686
354339
382308
441958
610582
395691
0933692
0772982
035903
1919577
229711
546111
344106
53526
041644
1409511
248059
022729
1005533
1882689
9262786
226005
5923357
125402
124721
6089884
528465
1863924
63763
175371
9844979
315145
6511337
201117
1546863
515010
749462
7646690
1437099
1599843
8055847
0023369
7467628
028868
7157235
1467680
038975
914111
6065
47283
2283422
235775
0914492
146003
4700293
9054424
6093299
72059
1453293
648843
527824
692669
4907842
8548063
2976848
67898
665373
248323
6303159
6328655
280969
909940
307098
3131836
167567
8929643
862277
8922268
987764
861113
5629135
783810
054659
203757
862330
144856
471234
7200634
651227
8356340
119946
678040
134702
3111713
9199085
8797879
7050378
9021061
4232158
400554
2685161
1721563
6229596
3758693
9772132
