#size	#ev_no	#step	#val		#time(ms)
8	0	3	1.00099741226	4.591941833496094
16	0	3	1.00099668822	3.7322044372558594
32	0	3	1.0009959798	3.7717819213867188
64	0	3	1.00099528043	4.317522048950195
128	0	3	1.0009945866	299.8161315917969
256	0	3	1.0009938964	222.8250503540039
512	0	3	1.00099320873	745.0430393218994
1024	0	3	1.00099252297	959.3279361724854
2048	0	3	1.00099183877	1986.4821434020996
4096	0	3	1.00099115592	5730.627775192261
8192	0	3	1.00099047429	22821.999073028564
16384	0	3	1.00098979379	89186.776638031
